8094
4328
3253
7947
2361
4887
9999
6292
5893
8130
2854
8728
5463
8601
1500
6429
9653
5773
6290
8764
3550
6719
9712
4469
5056
1696
9150
9186
9579
5870
6581
4793
7626
5912
1509
4990
6707
8689
3083
6417
8598
5562
2733
6637
3053
1887
3307
2207
4058
4235
4875
4231
6036
2972
2881
3005
7683
4610
7068
5899
8508
2817
3717
4499
2471
5787
5127
5951
2885
9394
7629
8871
1971
2405
6097
3747
2226
1785
1470
7499
4087
8792
4503
2485
6637
8434
6441
3205
9398
1498
3967
1305
1620
5383
3957
8103
2648
2977
2018
6404
9107
5784
6739
9176
3162
4716
5553
5454
6015
5067
6906
7450
3961
8105
1784
7810
8363
9311
5887
6158
3933
8629
3198
7040
6287
9831
3433
6242
9826
5962
3200
9110
2340
9130
6627
6182
8931
2865
4296
6833
3475
6366
6822
1329
4827
8427
4933
6315
9093
7275
7829
2996
8540
9642
4081
2693
4199
5909
2763
3166
5742
2669
6505
4619
2228
8183
5344
1925
6477
5428
9954
4570
8832
4006
3524
8863
7205
4741
3052
2900
6953
7973
2230
8066
6457
3702
2679
8013
8560
8522
3059
5103
3858
2163
9882
3473
2155
5782
1151
5298
3615
4689
3939
9547
7459
1788
9984
7920
9184
4027
1500
1829
4427
4620
8724
8127
3222
3438
8760
1631
2586
9095
1450
9574
3430
6954
5442
4126
8403
2329
9501
3701
9759
8281
8676
9634
7379
3787
3972
3731
1027
5490
2510
9499
6228
1373
9918
8070
8995
2079
1249
2253
9819
6775
1904
9677
4721
4169
2309
6064
2140
3117
5247
6016
8489
4162
1178
4226
1378
5597
9919
1995
2858
6516
3451
3184
1059
3153
4794
7865
5479
7844
2581
6319
5627
9440
9208
9448
5356
4621
2300
8143
4381
7943
6960
5066
2071
8651
6253
8726
1431
6102
8762
4979
1778
8738
5335
5460
7676
9328
8428
5691
8104
5487
5325
9247
5853
2460
3628
5216
1538
6640
1008
2689
7250
6381
6446
4560
8497
2658
7361
2705
5505
6156
6282
4823
3190
5355
7711
9398
7792
9104
4790
7117
1331
8024
3685
8501
8210
9786
9499
3183
5740
4365
6095
4302
7849
6961
7170
9270
9220
2227
7998
1602
3239
5325
3462
1474
9887
3523
4281
3214
6375
1966
2129
2809
7692
8728
9312
1319
5659
1698
1489
8294
8937
4776
2000
1284
8841
5560
2929
7070
6897
8635
8260
1299
9717
4813
5845
5271
3085
8486
6800
4491
5131
5542
9740
1774
5800
4205
6708
4459
5870
2545
5000
8338
7918
3797
3341
3131
6828
7409
5126
4570
1638
2083
1327
8143
3282
1908
3497
3149
4462
6087
4044
8148
1331
1154
3859
6605
9576
9638
1237
3606
3545
6479
8860
6684
8905
5364
2853
6727
1193
5393
3725
3696
8563
8394
3157
9359
2780
6467
5646
4951
3207
3579
8465
8019
7657
4680
6942
6999
7382
6186
5100
3026
8255
5743
3258
6786
6092
7258
9115
3247
3708
4900
1539
5968
1956
6676
4511
5308
9100
8693
6188
6400
9766
8065
9903
8768
4621
5471
4884
6854
8847
9674
5008
5027
9239
4014
1647
1617
7883
9611
2457
1350
7756
7097
2513
5958
7203
8022
2579
7895
9558
2211
1520
3953
8567
6060
6411
9288
4844
1294
2426
6883
9145
8728
3826
6008
7544
3900
8476
1527
6371
9496
1454
1887
4794
4455
2826
2182
3472
7248
1234
1570
9811
1393
9099
8666
9290
5105
4486
4307
7464
6968
1528
2142
4623
2365
8693
6185
7986
2989
4228
6305
9079
5804
6867
2786
8291
7198
9147
2596
1826
4466
8246
7031
7222
7258
9959
7617
5478
5479
8191
8445
1630
1366
6270
8063
6739
3428
7368
5729
2387
6832
3600
3453
7092
9844
8735
4493
7842
2773
6571
4287
2292
6559
3024
8642
3859
9099
4895
5471
2337
3536
4839
6425
2019
1898
1707
2608
4133
3618
5259
2994
4038
3487
5455
8937
6950
9116
1489
9780
8513
4420
4584
5704
7133
7808
7238
4230
4398
7155
2787
2942
9530
9966
1701
8643
1430
9407
3554
1346
2548
6772
4738
6750
2259
6721
6685
3686
6377
8405
8590
1096
4321
9448
4774
7253
7054
2077
3733
3985
6966
9303
4575
1320
3599
2866
9356
8329
9350
7166
4038
3912
3828
7581
1139
3920
7675
6267
3541
7190
7548
6316
3578
2181
6629
1566
2458
9904
4163
1253
4309
8799
4891
8524
1585
3846
5929
7603
9996
8861
8649
2281
8768
7912
5601
5578
2464
2726
6578
3904
6282
6399
7527
8722
8944
2000
6803
1620
5614
5726
3692
3556
1346
4060
7983
8713
7820
8098
4387
6253
3260
1887
3631
9062
8417
7249
2134
9641
6745
6628
4649
2432
3703
8770
9622
7675
2102
7195
8133
6434
1007
6686
5624
7776
7992
3270
4932
9352
9112
8841
1852
4226
6656
5003
3420
8788
1865
6319
1515
9766
1084
8271
9299
3641
4219
2791
6829
7838
1348
5953
2669
7985
1241
6641
8121
4909
4184
5306
7172
5538
9006
2440
7632
6003
8012
7046
7965
3208
9188
5549
6707
9921
4896
5681
7558
8636
4468
5613
4545
4792
8749
7865
1598
9998
7247
1502
6713
7741
5144
9330
2946
5448
6567
8702
9109
7718
3527
5643
5322
3903
8244
4391
5544
2372
2941
9640
8255
3890
6797
8384
4676
5805
8092
4735
3324
5403
5545
5823
9664
5297
3143
1665
9430
2544
9523
7609
8004
3224
6385
4728
9224
5946
2812
1751
9655
1094
5183
7321
4861
4900
5331
1834
5819
1527
5242
9009
5443
8154
9115
2973
5783
6156
9297
6672
8642
4362
7957
5743
7588
8896
4217
1478
7196
2727
2439
6380
8220
3471
3945
5960
6429
2090
8326
5958
1972
6860
8220
6452
1442
1081
2065
9621
8538
6006
7718
6414
7414
4285
8751
4083
3100
3053
4744
8282
1895
7395
2208
1563
3617
7991
8385
5673
7160
9647
9253
5419
4453
8564
3814
4169
3844
9964
4752
4176
4049
9342
2138
4842
6581
1058
7942
6688
5363
8144
5278
5239
9836
2068
5328
4322
9184
3863
4826
2722
2408
1022
4877
8840
5947
4607
5646
8415
2503
5161
1289
2605
