9326
8871
1451
4928
2343
5228
9286
2242
9337
5360
9786
9002
7576
9083
6111
7937
5132
3463
3349
5838
8104
7228
8565
7177
9654
7546
7042
8505
2008
2678
5602
9651
6496
2963
7992
9362
7769
8578
3365
2757
8450
4834
8298
5591
4518
5366
9581
6095
8284
5947
7206
4874
3726
2739
7407
9120
6320
3552
9263
5361
5441
7109
5950
2310
3019
3913
1945
5626
9406
2684
8878
5325
1176
2705
3320
2585
3101
2570
1373
6153
9072
1241
8183
3955
7312
2162
3177
9348
1932
3448
6579
5762
4317
1199
7486
3427
8392
9368
7116
4483
1666
7955
8333
2107
3641
8143
6859
9392
9105
2857
2337
2955
1683
8437
9283
3684
9420
3780
8592
4439
6631
5823
4696
7772
1767
3260
6229
5215
6398
4697
8893
1342
4912
1706
5158
1088
2956
6255
1727
7606
9194
9476
4805
4219
3321
8977
9846
2096
1871
9401
2399
7587
9529
1693
8427
1225
7627
2821
4734
5106
4356
8707
1323
7833
8159
8140
8163
9009
1475
1362
1729
8358
8472
4384
4092
5927
2645
6991
7322
6996
2848
7988
6519
6709
3701
9045
9304
4505
9709
4008
5812
6945
4006
5185
9583
2885
9539
6827
7108
3757
5949
2030
4568
7387
9952
3265
3100
7715
8107
6889
2572
1681
6990
1661
3246
3474
6362
8288
4331
6631
4998
3526
1155
5097
8573
3833
8513
4842
7015
1789
2117
8487
5805
2272
5949
9075
4187
6046
4358
4365
6320
1887
4958
1324
7848
5998
7474
8347
6948
2648
5976
5983
3941
4910
8901
9350
8781
7937
5161
8354
7711
2170
3994
5180
8019
5696
7081
7174
1540
8708
8739
4687
8420
8912
4193
4322
1407
2537
1980
5386
6821
3405
1746
7747
6940
9451
5934
1391
6476
4068
8319
4598
3632
1421
2433
8924
7966
3273
6969
9322
1300
2702
9557
2959
5107
2513
6591
8908
2662
9566
1025
5641
3932
2541
6345
3391
5650
1495
3933
9459
2791
6273
4842
9502
1784
3079
3762
4808
5752
7963
4133
4801
1686
3814
6588
4936
6592
7849
4880
5295
6659
8947
8904
6594
3150
9845
2164
3299
2239
5103
1466
2637
4898
5104
6300
8263
7789
9445
3594
2488
8674
3040
7776
9300
8214
6028
3344
2904
3825
4917
2017
6961
2574
4960
3028
4063
1806
6193
1970
8875
8474
8607
8097
6823
3094
3726
7848
6101
6725
4471
9030
7222
1342
1893
3958
9477
6255
3046
5730
1387
4885
6378
8099
7442
2018
5705
5042
3183
4056
2330
1100
9873
6605
3630
8587
9927
9105
9537
2913
4178
8463
9529
8265
6649
8169
4642
8803
7285
1073
9142
9763
9697
1364
3825
6229
3145
2050
1987
7555
5034
7231
8137
7494
2589
4685
9645
3237
4869
3871
1580
7145
5667
5852
9919
8556
7359
9650
1133
9021
4866
6534
8081
6023
9133
5762
5119
9362
9904
5406
2262
4800
3670
2144
3957
1005
6419
3782
1151
7217
8820
4009
3912
9362
1487
8428
9265
7688
8281
5959
7810
2728
8103
1245
9519
4950
1335
6355
1088
4693
4181
6854
8296
5079
3930
4403
1842
5428
5250
6125
7420
1387
2663
4605
5199
1789
6616
2328
9185
4042
2538
5318
6029
7522
2166
7804
8077
6458
7099
1156
7583
5234
9822
4242
1250
6628
6953
4065
9950
5508
7438
3484
5300
7020
5864
1176
2248
5131
2983
1483
5144
7137
8534
1168
3924
9393
3117
6149
3000
3887
6120
7616
3577
6390
1110
9937
9224
3524
9816
2496
6664
5155
3914
6507
3517
9727
5045
9085
2596
2827
7433
2682
9119
9447
2751
6785
9217
2421
9257
9047
5070
8492
6034
5179
5839
5198
2144
4807
7530
4509
4254
4231
7337
9828
9267
8601
5914
7662
7291
6978
9485
1743
7469
5138
9508
6859
2982
9920
4007
6584
9468
1107
4107
6417
7732
7659
4124
3508
4191
2191
8229
9880
2024
3833
9900
2086
8631
1905
2294
2261
7445
1957
9184
4124
8433
5839
2106
6191
5355
5890
5374
6932
6681
7063
8687
5371
8669
6222
9718
4147
7617
4605
4104
1836
3034
9855
6309
8084
1612
9169
9518
6203
5899
8299
8926
1228
6641
5879
1687
8793
1179
1201
9931
5599
2184
2627
4108
9029
3495
4547
4919
7256
8353
8922
5503
3758
5381
5748
1367
4063
7805
8018
6745
1843
2082
1293
2868
8179
8742
6786
2304
7679
1691
8695
5145
7274
7486
7411
1203
7711
3012
4700
1355
7144
2925
7806
9902
6110
6854
9779
6644
3790
1617
9574
4925
2922
7717
6289
8163
8250
1183
7242
6836
2655
5316
6826
6551
8095
1899
7605
8458
7025
3240
1301
5549
5747
5573
4906
9924
9989
9652
8870
8161
6362
1428
1761
9771
2727
7781
8537
5745
9051
4056
4657
7787
1564
4734
7320
4457
4345
2659
4992
2119
9586
5501
3005
2346
5237
2987
9813
5080
2912
4187
5809
6089
5124
1737
4188
4571
5460
1885
1364
2014
9273
7294
3004
2158
8746
4795
8166
9164
2592
5708
3580
1812
2983
3451
1609
6731
5033
4142
4197
9919
5083
2403
2303
9253
1505
7269
5190
6995
3052
3162
4335
4841
2434
3844
5423
4015
2480
5115
9470
6643
6086
5347
6471
6667
3519
3882
8970
3162
3379
8140
6456
1658
6144
1529
9215
1885
8958
7359
7327
1303
4124
1964
8612
4580
2428
9344
2227
9061
3437
2494
8430
1343
5567
9247
7858
2780
7320
3870
1893
6655
4848
2983
3325
9183
1968
5562
2393
4819
3476
6932
3471
9469
9242
4868
2056
2653
3972
2620
2044
2801
8058
6606
2396
7412
8866
9260
6646
3903
4944
2106
7438
1296
6056
4678
8203
9529
2616
6488
5308
4082
3865
4888
5549
8434
1962
5300
7125
2076
8296
7218
6928
3732
7038
6001
9268
5122
1603
8897
1866
8067
5499
3114
8652
3755
6681
5935
3982
3434
1162
4804
4297
7721
9171
4690
2855
8723
4736
8784
8844
5355
4253
1895
7033
4733
7126
5703
1424
1506
8742
2975
3436
5094
3999
2316
1268
4240
4124
1401
6132
6684
8384
9402
3470
7933
9519
3360
3770
9336
4213
9484
5847
3259
3131
7928
2366
1116
5658
1567
4217
3806
1273
4283
7301
6437
9427
5288
7706
3097
1071
9284
1194
4214
1906
5979
1618
4205
1235
9047
8491
7886
3333
9278
3457
1683
8413
2881
1470
4452
9627
4978
1647
5936
1302
2253
6291
9539
4319
3013
3322
2106
1556
7578
2812
7219
6168
1421
1147
4108
7084
3839
3760
1408
6951
8699
8723
3250
5664
2325
7057
3788
9208
1454
2164
9944
2802
1243
7951
6675
3053
4535
7932
3890
3774
4640
6691
4030
2268
3089
7844
2463
3348
4483
2529
5462
3587
7087
6623
1790
4817
7494
1858
1576
9782
8554
7798
3341
2196
2084
6997
2971
7632
9686
1227
4118
6479
6750
1516
8559
2465
2480
9629
2292
1222
7472
2545
9317
3132
2286
8329
4963
9229
1341
3911
2891
6313
3241
7645
5836
9727
4952
6446
3201
1840
1109
7314
6186
3190
1558
9093
3214
5664
3623
1983
8031
9937
3382
2164
8315
6613
7792
6932
1833
3395
5925
2826
4143
9972
2221
2283
7092
2098
3060
5680
6002
7954
3633
4618
8555
8644
8803
5161
3248
3522
5946
8881
7590
5815
4838
6883
1501
8058
9129
3372
7264
6777
3564
5644
7362
3614
8304
6407
9953
7004
1285
4059
2348
5501
5368
4509
8213
9717
6031
4425
4991
1543
4039
8618
5570
5040
9980
8787
3088
9407
2015
3642
3393
6401
7507
3164
5464
8733
6270
8570
2743
6492
4054
6605
3735
9395
1799
1037
2295
2450
5891
3116
7551
7495
6332
5806
9734
5623
3683
7544
1335
3916
9191
5534
3830
7857
6319
5579
2148
5177
6171
6842
1036
1149
9955
6100
9219
3221
4409
5878
6789
5372
1595
2802
4800
1594
1864
1614
9051
1272
6225
4296
4511
9257
5199
4693
1432
5342
2813
8667
3871
8485
4200
1392
9981
2846
5206
5256
1617
3894
1151
5728
1576
9725
2607
1949
3032
8917
2299
8892
9264
8002
4385
5178
6039
6777
5762
8588
7126
6322
7151
6914
4678
2069
6439
4880
6712
2544
6746
3020
6067
2796
1012
6073
6192
1609
3794
2617
4524
3178
8484
7692
9541
7964
4881
4339
4712
7382
5856
1186
4868
9735
6579
9815
3576
6177
9407
9847
3612
1176
7143
3516
6975
8915
4952
3996
4395
2916
7778
6088
3524
8136
9767
3515
3498
2961
6863
7347
4831
9102
7766
4356
2753
8125
5597
4465
2763
2475
1792
9360
3507
3336
5208
4916
7494
7851
8572
6810
9312
3619
7165
3777
9197
7064
6279
7421
2072
4944
2678
6182
1836
8864
2470
5967
8572
4899
9968
7393
7549
2464
1642
5868
6129
2536
3206
9018
6244
8936
1020
3827
4142
9026
1887
1610
9594
4030
7304
7382
7822
3975
5981
7031
5342
7160
9630
2737
2652
4187
4433
9059
4784
2699
3012
5045
4549
1882
8090
1370
4292
8163
3461
6537
5946
7632
1273
8096
7148
8548
2158
8636
5318
9723
2282
8059
1141
3558
5075
9832
7019
3377
2929
3499
7408
1769
5064
7823
1224
4296
9922
2724
7018
4145
4002
7056
7928
5806
9473
3553
2609
3657
2490
2332
8919
7694
3503
1067
4122
7865
8003
9165
5635
4132
2076
2212
1830
1465
8099
7520
1921
1580
1543
1328
3744
5604
2415
3054
3984
6478
9039
3929
8195
1964
9020
6466
5723
2891
3130
1560
5424
7694
8935
1027
3138
2113
6929
4346
1709
4279
5479
8347
6607
3040
5239
4175
8889
4970
2366
4046
8681
2549
2393
5143
8230
2090
6780
7947
4878
1353
1510
3006
6786
7745
8948
7598
4172
9734
5701
8743
4761
8550
4191
2981
6543
1479
5393
1799
3755
4213
9430
8641
4968
7237
4214
9783
8012
6210
7313
2679
5567
8504
3536
8361
4870
3440
1384
4469
8031
6646
1894
8521
7865
5228
7254
2336
6630
4737
9202
7013
2028
6074
8836
5772
3580
5628
3453
9048
5741
8374
1640
7885
8890
7966
3752
9415
4837
9187
4756
3682
7263
9996
9549
5529
9551
6640
9916
6111
6322
8028
5445
4330
8606
4870
5837
5557
1388
6931
2428
4178
3889
7445
4027
6532
6169
6334
7584
7334
6410
2545
8763
4046
9067
2280
5771
2287
5533
1789
2168
8153
2380
3161
8247
6282
1225
4057
2906
6551
7092
8834
2435
5246
9833
3966
2495
8434
8146
1032
5460
4594
6218
1035
9700
4936
8842
1563
2319
8938
4379
9256
1574
5137
9685
1775
5956
5180
7121
6432
9596
7019
9366
5890
3612
4664
3261
7268
4600
2707
8083
1135
7158
8341
2767
8644
3044
2358
8172
3611
9371
6942
9614
3272
7357
9231
5919
8641
6776
1897
1865
4406
5502
3864
8487
3036
5727
2088
9091
6243
6949
3849
9208
5424
6789
6728
6014
5400
9217
4580
6055
8271
2555
6534
9961
7985
2889
8003
5359
2830
8272
6904
4109
7129
7164
7498
6087
5737
5174
5041
5173
6869
5155
4233
4185
5895
1677
8908
3201
7111
9349
3759
6453
4728
9514
6698
6986
2229
3569
3370
6096
5955
5460
7131
3372
9276
7300
5182
9538
3481
7304
6817
8244
3702
4063
7381
3496
6851
6018
3697
5797
8513
7931
8293
6190
8033
8720
2851
8943
6493
1912
4789
6321
2118
4839
7821
4189
6407
8282
7917
7816
4773
2476
2161
6437
6875
3871
5184
5456
8780
2901
7177
1161
5217
7652
8164
7687
2715
9861
8995
1498
2161
4171
9661
1832
5727
6264
6661
3127
7306
8432
6340
4563
2506
5127
3608
2968
2554
6232
9789
5423
4720
9472
4827
4263
6491
9693
9794
3278
2196
7052
8785
8182
6335
4232
1638
9582
1565
8834
9809
5066
3106
5602
1536
1507
1204
6168
4998
6225
1920
8423
4663
4611
7396
2833
6351
9845
3353
7178
7079
7581
2535
8522
3933
5658
5759
6869
9788
2938
2441
9389
8729
1253
8903
9107
2129
8910
6813
4686
6650
9990
8035
3007
4499
4353
5895
4679
3450
3729
2372
3934
8871
5930
8622
9107
3173
6927
2282
7674
3803
6102
6686
2471
8929
4171
3446
4052
5819
6181
3845
5271
9591
3290
4930
1356
5392
6423
2359
3797
3163
6722
2261
4809
8480
7848
2913
3249
7714
4419
9475
5796
1144
7214
8234
3005
6372
5071
4033
5875
9803
8299
8873
4599
7492
6489
2385
3210
5871
3486
4457
4909
9674
9792
1564
4498
2711
5474
2709
5900
3696
9216
6858
7938
7538
2536
1465
9349
1068
1640
6265
5770
8666
9565
1042
9507
9187
6102
9924
2989
1058
7226
5201
7252
6620
9345
8062
1618
7847
3371
3966
6214
2865
1528
1086
8711
7670
9344
1530
1971
3030
3556
9663
4557
5792
9689
8469
2727
5039
7701
1560
1295
2520
7406
5188
8916
8919
6515
7908
1278
3989
4520
5386
8801
5849
2910
3621
4848
4960
3372
1193
1822
6375
5495
7117
1072
5790
1896
2126
2579
2218
6042
3436
7128
2378
6060
7626
3629
8050
7961
8642
8893
3618
6316
7941
8878
9400
8023
1430
2802
2320
2725
8677
2058
1156
1770
2912
5102
6222
5107
6295
7462
6669
9621
2790
6948
1160
1935
8533
8663
7422
5843
5080
6729
3269
4242
5201
9056
4297
7481
4757
8239
3312
7682
3681
3159
9885
3180
8462
3292
7576
9304
4789
8135
8266
4455
4639
7543
4532
3030
8418
9678
3841
6847
5265
7241
1111
6848
5527
1257
6326
7159
4770
1414
1073
1498
2146
4118
8202
2652
9278
2724
3354
8309
5000
7073
2607
9969
5078
6142
1926
8891
4301
2003
7416
4871
7266
2602
8691
3344
3886
3460
9130
3629
5022
9434
4636
4366
7604
5355
6794
1341
7855
3424
7173
3857
5494
5040
8146
5545
1013
8845
2280
9290
2074
4137
8568
5745
1860
7968
7485
5445
6332
9217
3686
9313
9865
3873
3197
6475
8473
3309
7957
9963
7230
8017
7716
1047
3810
7400
6350
3041
4326
7878
1644
7171
5030
3539
9343
2918
5694
9620
2995
1794
3774
2233
4951
6310
1903
2853
9693
7305
4724
1656
3771
1042
1078
1470
2564
5109
2014
9741
3271
2141
5768
6428
5669
7165
5353
6201
1065
2264
2734
3520
6010
8971
2494
5294
5910
4810
9703
6630
3493
4562
3140
3446
7415
6665
2066
2957
6186
6869
9222
9289
7241
2158
9659
4498
6252
1774
2372
6174
4713
2541
3962
5726
5646
4190
9875
7964
3623
8415
3439
3514
9292
2237
1354
6913
5006
1261
6046
3178
3929
1110
4234
9625
3304
2275
6584
7111
5704
6235
3595
8739
4089
4284
4696
5284
3799
3875
3181
2981
4418
4592
8404
4738
9108
5114
2023
8712
7696
9211
4809
6608
8056
7473
5417
2351
6212
3546
5194
4456
4337
3244
9573
5604
6983
1087
7462
7740
8139
9356
8038
1592
5050
9548
2782
3157
1266
7568
5979
4198
9651
1945
7743
3185
2030
6835
4843
1111
7940
6541
4791
4359
6787
2680
8165
7567
3189
8779
2120
4171
5068
8888
5623
4934
2110
2804
7904
4477
3810
8122
1378
6742
3308
1004
8030
5533
2218
9000
6258
6778
8406
5435
5911
2602
1998
6456
9974
9197
2779
4550
4389
4876
6756
9118
1048
9625
1486
5156
5285
3051
4434
6379
2976
8860
3103
4483
7505
6955
7638
4999
7557
8227
7823
3407
7071
5547
8072
9711
9459
1016
3863
4155
7781
5293
3521
6951
4105
3663
2390
4843
4659
2125
7565
7092
5422
1224
2714
9759
8937
3935
3814
4685
4941
5886
7632
7644
2003
6290
6054
5329
6585
6547
6265
5670
6923
9312
7774
7063
5090
1868
5835
3918
6832
4973
1408
3019
8787
5773
3702
8774
9056
1197
5193
5791
9734
1892
1830
9278
1368
6159
3229
6189
8370
3482
8317
6550
3333
7656
6896
7391
8592
7862
7290
4607
4764
7060
7693
2240
8663
4409
4678
2898
6465
5716
9506
6821
3529
2011
1607
5853
9687
6398
7570
6759
4270
5398
8851
7504
6039
1877
2952
5532
4747
8350
9170
4875
4340
8109
8540
1943
9771
3280
9120
8562
3333
3226
6648
8894
4033
2880
1883
8965
9493
2902
8092
9007
4550
2535
4381
7037
9353
8295
7488
9272
2354
8285
7600
7427
6526
2562
9816
8542
7793
8916
8732
4913
2451
8294
1338
5226
6274
8718
4010
1657
6833
6397
5230
7230
2036
5106
7132
2763
2390
7965
6443
4560
2743
8593
4160
1889
4282
7242
6101
7079
6154
2331
7011
6560
1366
3970
5927
5916
3910
7055
5717
5260
2397
5075
9299
9723
6481
7831
2116
3694
7370
5009
4984
7911
8312
3214
5876
8435
6747
2649
2184
3873
2789
9634
7523
6632
4926
9375
9919
3215
6150
9150
1585
8592
9577
8918
8771
1274
2407
7400
1709
8412
5016
1103
3932
7808
5259
5937
9200
9308
6996
1435
3509
5603
5613
2126
4113
7585
9010
1566
6034
6142
3279
8009
6890
2050
7536
3351
6239
2092
2987
3717
4657
4798
5036
3643
3858
8795
6796
3748
1847
8388
7890
1494
1574
4294
2659
8406
6812
6598
8713
6515
1217
3884
3443
7735
9191
6879
1489
9112
5554
6635
1215
4843
2134
5214
8409
9421
9493
6614
2629
1400
8067
3056
5546
4267
4558
6288
1302
3779
5747
9606
9776
9115
3764
8004
1358
8071
1639
1435
7788
5020
8392
8423
7013
2962
7190
5498
4301
8646
8689
2019
4431
1722
2220
8080
6946
3772
9793
7880
8885
3904
4781
4130
1616
2971
2310
1456
8816
9902
9892
9094
8668
5346
1165
6241
6526
4134
9842
7976
4574
6364
1666
7880
4042
1350
2865
4674
4588
3387
6112
2390
5363
8140
7185
7191
7234
7523
3834
3446
2861
8383
9846
7964
1824
8480
7760
7240
9895
6008
9393
4426
3058
8140
4821
7728
7898
4911
2061
9236
2015
3277
3384
2898
8502
3284
2092
2652
1345
6086
6675
3309
5525
9780
5064
8690
6409
6719
8631
1813
8997
9177
5387
3844
2961
2801
1375
6330
8939
5399
2576
6232
1532
1343
4984
7842
6539
8992
1746
4086
4257
4915
1238
4428
7141
9182
1147
7059
1380
5841
4857
1798
8888
5236
7012
3409
7571
9038
4312
2363
6778
8942
4688
2297
1156
8641
5852
6197
4908
9273
6753
9780
9894
3008
3564
3439
1687
1078
4332
9557
4087
4741
3613
7783
3621
7134
9411
6179
9302
1015
4655
7482
6072
4311
2773
6539
9715
7731
9175
6270
3306
2515
3015
9177
1997
4631
8007
7598
7229
5452
1576
4283
5317
7192
9518
8719
5475
4597
8138
3010
8923
9681
8028
9217
5429
5663
2928
8966
1393
2690
5445
7351
7507
3805
7654
7589
2851
3000
1160
9623
9206
8694
6698
5816
8990
4425
9058
1420
6013
7433
7330
9724
8417
1858
7560
6837
6003
1480
6665
4089
3062
6989
5422
4702
8757
1332
7245
5419
9566
2631
4744
5802
1308
4219
7520
5839
1704
5957
6375
4500
9453
1014
6108
7100
3600
2815
9025
6695
1049
9088
6756
7654
4883
4543
4914
8222
2753
7793
1402
4619
1191
4781
8077
9626
1140
1702
6327
3672
4924
5148
4995
6798
5226
3684
6326
7101
6608
6043
2111
8616
1974
7786
9244
4300
3842
2605
8432
3054
5485
2097
6847
8329
6760
3973
4314
5429
6977
9613
6484
1921
4563
2661
2946
4250
1538
2372
6844
4119
9845
3737
8499
1598
1648
3385
6120
4852
1460
5469
4605
3077
8771
2714
6031
3981
7390
1761
8964
5227
5868
9904
3875
4973
4152
1891
7544
9040
2379
3645
9919
4556
4015
4055
2096
7256
8711
8243
4090
5849
9802
8800
1351
1161
1922
1887
4088
2149
2544
6406
6595
1501
9077
7819
7118
1858
6192
9936
8902
4184
6517
5863
3467
8676
9099
7480
4083
7448
1605
6238
7410
7226
7355
2830
7178
9195
2354
6228
5001
8526
8277
4056
6986
6200
3471
9238
5784
7637
2598
5548
9327
6128
1623
2287
1187
8480
6455
6804
8069
3622
5769
6036
4115
4137
6997
4972
6003
7542
1228
4951
3900
3249
1275
2182
5832
2142
1927
4892
8767
6959
3007
8022
9057
3793
8484
5782
1532
6611
9826
4812
6754
1019
3427
1247
8359
9059
4668
6445
6419
2176
2775
6918
9733
7078
4907
1067
5904
5489
9918
4182
7169
4168
7723
4475
5019
8444
5536
4428
9657
2504
3040
8506
2814
6699
5726
3158
4914
1884
5259
2961
2908
3548
5660
1513
1558
1160
3024
2241
7659
5431
8145
8139
3038
7505
7703
7713
2275
7592
8253
6230
2456
8006
5193
5392
9479
3402
9091
7197
3597
1115
4052
4143
2711
1195
5389
9323
6971
7277
6562
9267
1649
2339
9037
4279
3865
7908
2436
9204
2230
3882
3522
1960
2575
3221
5441
2401
8299
8898
3535
1813
1379
9150
5449
2004
5526
7683
2229
7473
4276
6869
8569
8447
5198
9255
1262
1067
1745
4134
5849
5446
4169
7505
8417
3015
1227
5823
6727
8898
6046
2526
1246
7222
4826
7441
9631
1577
3422
6388
7934
2103
3226
1564
8865
8998
4332
5870
2286
3921
5092
7954
9547
7916
9157
5220
1707
7844
2161
6107
7094
5021
3325
9266
5466
2160
8612
7340
1142
7274
4513
9728
6907
6886
9611
7116
3083
1903
9227
2846
7831
3612
3970
4438
6641
9649
4148
5500
2553
1064
8153
7122
9958
3001
6811
7588
7783
9977
9855
5267
7686
7157
4485
4518
6292
9615
6416
1376
6984
5273
7879
4619
4599
8135
9645
5940
5401
2146
9475
3389
9401
3296
9659
9492
5281
3656
2043
8078
6079
2714
1407
8531
3235
1989
7480
8749
6376
2239
8389
5011
4180
6065
7072
7053
8398
9102
4051
6768
9604
4316
8420
7658
5786
2583
5636
6463
7436
4102
3302
7205
1342
5077
1305
8567
6656
5017
7082
2058
9979
5196
3061
5011
3459
7074
4860
4753
3627
1211
8564
1150
2643
6945
7979
2664
7740
4488
1888
6400
5787
6248
4795
3545
4169
6116
2493
9376
4219
2346
5065
9814
4241
3954
5357
9381
9793
4641
3520
4340
8571
4579
1993
6141
7184
9635
6060
8970
2784
6516
9851
1452
5822
6985
9238
8964
3826
2720
3798
7715
8409
8653
7755
6554
2472
5396
2761
8837
7891
6736
9124
8952
4672
5669
7025
4518
4209
1369
7498
9700
1918
8370
4888
3312
9732
4201
7615
7099
3226
3172
1280
2696
5965
6496
2021
8130
7510
7149
4895
9711
7633
2080
7784
6307
1254
3267
7129
3764
8398
9764
7939
9176
7572
5534
3808
5779
5552
4193
5886
6707
2526
7923
1201
2580
4306
2885
6450
9683
1103
1070
4145
7562
5084
1018
1339
1597
8694
7855
5212
3625
3568
9138
3750
8080
7797
1668
5561
2524
4129
7791
1890
7310
4927
2501
5787
8679
6102
9653
9598
5213
6506
1534
7917
5344
3179
9467
9780
2475
1740
6108
5629
4251
1525
5419
5369
3483
9792
6424
9649
2091
2959
3912
3097
6651
7918
1414
4311
9490
2734
5919
7422
9250
2873
1541
7039
6901
9604
3064
2365
7580
8821
9600
1599
2695
9591
8412
8821
9565
8449
9612
4081
8145
5018
5043
1219
4389
3539
6822
6957
6925
2745
6216
8440
4304
7215
4532
8773
1317
7996
4904
8418
2199
6875
8014
6114
6823
5262
5512
3868
9680
2209
5940
2471
2836
5585
8154
8355
4530
4848
8575
8325
3673
5995
4416
1593
7878
3955
2711
4463
6508
7912
1162
2592
9533
6786
9834
4207
4030
9818
7793
2995
5835
1017
4492
4515
2464
3200
4613
5537
4160
3148
6560
9033
5589
7908
7973
6636
6575
5358
2093
6949
9444
7701
3205
2490
9711
7762
9050
5144
1483
4831
1633
5748
5317
2042
5044
2389
4176
3776
4570
4303
9894
7371
2445
4669
6291
4959
5233
8204
4238
2630
1747
5224
1344
7350
1130
3129
9041
6202
2720
4427
1878
3301
9015
1362
6815
7044
7524
5658
7290
9430
1267
7944
5462
3635
2330
9539
7513
2101
3757
2659
4500
6652
4119
7454
1797
2122
2959
2616
6172
6562
3310
8200
2058
5639
7761
9925
9743
9939
9797
6425
5623
6403
8424
6276
7184
4948
3546
6841
1277
2582
5690
7305
5879
5120
8524
2005
3959
1383
2390
2347
1125
1508
1017
9804
1274
3334
6169
6201
2004
6352
5574
8691
6025
4192
1093
3097
6132
5613
6891
8173
4966
3269
9294
8706
3913
9926
6716
5424
2025
1761
9408
5677
9915
3945
2712
5017
8595
4734
9906
7807
9409
8351
3284
6792
8195
4290
5353
6193
8287
4228
8981
2652
9857
9506
1399
7438
9981
6015
7248
3937
9196
7967
8078
3599
2806
6701
9672
5632
9691
2619
6549
5907
8685
9639
1823
9835
1738
3070
2731
9654
3265
9957
1722
3638
3133
3790
4856
3438
3448
5138
1594
8013
7417
9935
8200
6378
3324
4528
3603
8521
2020
8099
3673
5228
3947
7730
1244
2822
1703
5699
9945
7324
9548
5599
3600
7753
1597
4769
8857
8860
4104
5932
1009
6923
2064
8498
2834
8170
3938
2091
3214
9540
7750
5979
9050
4612
8411
9151
8490
8127
6597
8316
3152
7486
5980
7488
4861
5701
1242
4627
9880
1022
6534
9744
4117
4653
7648
8492
9194
3447
9933
4059
7209
1179
5557
4472
9602
8850
3916
6753
9959
9301
2181
5274
7818
8161
6327
4192
6424
8716
7984
9891
8524
9382
1781
3668
6437
9168
9008
9568
6796
4568
6341
6921
7373
7837
8162
9322
4267
9784
2394
3035
6728
5344
3934
7774
2628
2039
6541
8625
8832
7398
4894
7486
5591
2394
5382
5546
5943
3457
3680
4119
7369
1487
9081
2232
6592
5348
7973
2792
8224
5315
1303
1851
9532
3801
7366
8066
4390
8303
3732
4623
6485
7800
4556
9926
7421
5755
9722
6519
6806
6641
1996
4082
2801
2189
2898
9509
8649
3166
5128
9067
5857
3057
1857
2734
4603
5824
4412
2827
2448
3854
6264
5365
2281
7792
6964
4855
9355
6761
9129
8228
6972
8881
5372
9230
6483
3816
6932
7927
9486
1160
8735
9352
9052
5289
4905
6570
2940
5186
2749
6585
6025
1966
3054
4933
8947
5430
5481
7591
4590
4558
2178
5410
3182
1644
8668
5911
2085
9771
8143
3917
9366
3478
6231
1736
2456
7951
7337
2705
5206
6737
8286
1546
4220
8457
8394
2989
3588
7581
7340
5029
7431
7353
6777
4994
7064
8780
1492
1620
3423
7559
7700
2975
1232
4148
6402
4859
8202
4037
3168
6981
3133
7094
6885
6781
7625
6467
9017
8722
8439
1311
5903
5378
5788
8084
3042
2032
2566
1818
8433
9443
5059
1621
9586
4449
5734
3428
2770
5505
6400
8293
1048
1260
1776
5909
2642
5628
8981
8662
6902
8544
3395
3496
9754
6710
3058
6445
8664
9059
9059
1437
3091
5871
3097
9887
4845
1091
7747
5782
6923
7780
2091
1458
8969
8391
4710
9625
9062
7613
4002
6817
2740
5329
3229
5744
8482
2812
8131
2563
1143
3796
7173
7218
3287
8459
9734
4087
8613
1262
6872
6037
4189
8777
8967
2996
9435
8709
8722
7238
5555
2358
9009
8119
7544
6583
6333
3731
2675
5663
9821
1362
6038
8116
1838
5536
5685
6656
4966
9866
9460
4430
2308
7259
3740
2066
6498
9253
2650
1161
3051
9684
8600
5567
7835
1603
5416
1296
6056
7485
6465
2265
1812
1523
1043
8580
1928
2461
4108
2260
1424
1066
8786
1436
1797
6172
8901
1219
8975
5828
5145
3246
7347
4260
5016
1400
9735
4860
9334
4417
1613
8700
2375
5944
3678
3757
9371
8333
2589
4904
5205
3897
2056
1510
6845
9746
5951
6773
4375
4763
1523
9563
4489
6633
3789
8709
1862
9851
4049
3368
9547
8588
5920
6680
4333
2127
1274
4717
3312
2234
8540
4039
5246
5616
4159
9866
1453
6047
5522
9693
8677
3292
6041
2880
3102
2312
1224
6049
4170
3033
1398
2528
2185
1490
5757
6479
5870
2849
7902
5589
2050
5912
1868
3956
9811
4376
7620
4855
4385
3797
2292
2183
1922
5448
7676
3710
2314
4347
3031
3125
6481
6446
2840
8183
9208
2768
5522
1524
7736
2822
9997
6922
6381
4167
7765
3264
5290
7418
7006
4078
8401
3285
2781
3010
9262
6577
1615
5387
5780
7266
8398
9055
6808
5155
9309
3040
8417
9514
4607
8100
6512
8995
4895
4701
4860
5134
3269
2814
9307
7150
7272
2588
3903
6068
5417
4007
8190
9654
1770
4383
7391
2225
5821
2400
5487
4056
8374
3765
8858
8352
9618
2132
1964
6599
5679
1037
5274
7009
1034
6939
2022
1138
4283
3895
7470
2147
3836
8905
3507
6731
6189
4767
6153
6030
4245
4960
5503
4184
5570
6634
2780
3688
7574
8458
9173
7496
4420
7492
2234
9751
5019
7751
7119
2902
6582
5210
2887
4978
6053
4123
9139
1675
6615
3883
1202
2058
5661
4531
8616
3437
7063
5027
4812
1001
1532
6055
2714
8793
8986
8841
8217
7934
8563
1449
1364
2968
5411
7403
6220
6642
4430
3522
3351
2339
8731
5654
7530
1332
8300
4641
7893
1871
8860
2398
4482
4678
4873
7385
5720
7964
3550
7558
3774
5332
7500
9771
3009
2207
8377
1984
9320
6994
3958
6686
3782
3297
8724
9367
8576
4552
4684
3633
7194
3805
2899
3265
4837
5302
8732
9601
1606
8126
1688
4602
7316
2640
1627
1818
2452
2780
5332
7294
3441
1954
1845
9714
6860
6851
9249
6719
7076
1180
5562
7610
4990
5863
1365
3232
4218
5965
5176
2180
1207
1743
2617
5722
9500
5196
3283
1746
3278
3330
4261
2644
5775
7909
8620
8752
4451
2574
8750
1018
3063
5843
1486
2978
2907
1039
6041
4428
2485
9177
5973
2692
7490
6714
6247
1467
8940
3968
7254
9455
9051
9216
3540
8437
6121
1682
8111
4098
4538
1736
8873
6569
4731
1854
2773
7051
6832
9550
7656
4417
4750
2324
2457
8306
2057
1707
7208
4013
4217
6716
7148
2578
3495
7516
4407
3066
2448
4452
9663
9137
5419
6626
3307
7268
2103
2729
5344
8716
4460
6501
1637
6242
6280
2736
7586
4198
8492
9186
3690
1025
2468
1379
3720
4443
1359
6649
2019
9417
3477
5938
6205
5156
1650
3201
1250
5138
7468
2389
4713
4736
6986
9046
6191
1786
4299
8242
2465
2757
9952
7946
5343
3672
8737
8151
5324
1037
8932
3780
8135
6644
7638
8062
8350
4026
8683
2231
7315
1145
2684
8744
5398
9838
9424
7803
6230
3113
1801
5720
9298
9254
5886
6369
1789
1963
9049
2680
5574
9178
6697
5908
2785
4123
9043
4494
5129
2714
1605
8495
5249
9016
4062
8833
2639
2162
3558
7493
6906
5122
2877
1480
9063
4761
3388
7808
6000
5582
8463
4776
3020
4322
7223
7044
5772
9010
3638
8376
1744
5264
5202
4457
3191
5828
4102
2870
1728
3654
2971
4664
3489
8851
6675
1753
2824
5035
7618
1844
4349
4239
9417
7316
8942
2088
8560
7355
2230
9107
9422
4561
1167
5771
5366
7672
3100
8167
9743
4370
1686
2162
5070
4860
1124
5777
5673
5601
2940
1383
6163
6014
4834
8825
4605
9039
6139
5780
5756
9429
7297
1201
5271
5636
5129
9623
4280
2951
2465
8097
2470
8076
6301
3815
7959
5088
2716
6062
1233
2964
7063
5569
7903
8939
8117
9180
9012
5432
2423
3767
6576
1362
9427
5929
3552
1896
9821
3572
7755
5980
5639
3735
6633
3239
6339
7209
2004
1071
9590
5532
7424
1560
5868
2717
4849
3891
8352
5703
2145
4714
8266
7372
5773
1891
1982
1251
9885
1261
8351
1507
2394
6340
7847
1454
6993
3399
1782
2434
8080
6687
8572
9273
1349
6986
6699
3201
6713
3250
5353
8423
2318
9821
5549
9299
5040
8626
8437
2289
2620
9524
9203
3666
6618
4975
8092
7352
9059
7783
3496
1663
6997
4375
8748
2459
2532
5874
1228
1107
7117
9527
8329
6032
4620
2252
5415
9844
5560
4319
1802
7157
5802
2393
3720
8369
9703
8457
7032
4146
3350
4667
5745
1884
8356
7673
8876
7039
3904
6075
6325
1791
7853
9045
9007
7654
9218
6963
4895
9410
9901
5649
2515
7460
7302
7863
6646
6277
9642
6044
7330
6722
6614
7398
4084
1719
2921
9359
7122
2485
3822
8214
8988
7245
4079
8305
2266
8850
5918
6204
4584
3066
2489
1440
8373
6538
1473
9192
2781
8214
5022
1702
1751
5457
2466
6928
1462
8254
4617
9589
8576
4869
7727
7460
9114
7587
2945
2945
5382
5533
1143
7171
2147
5461
4349
5573
9355
1953
4692
3122
3886
4750
6138
6845
8540
5655
5052
7308
7321
6420
2303
6752
4517
7060
2158
9606
6753
7454
8863
2535
8048
3775
8115
6160
9001
4784
8705
2420
4352
2381
1073
8067
9940
7299
7417
5863
9188
2938
7019
1737
6554
5123
2303
9517
5867
2301
6224
5213
9512
1826
3712
7544
7145
4039
5940
4886
3152
8723
2816
3312
6124
2038
1063
5949
2077
4652
2714
4432
7396
6693
8998
9359
4884
2337
4934
1122
7681
1523
8223
4357
1061
6026
3999
6730
5343
9821
3555
8768
6458
9731
2245
7782
7543
1953
2923
1490
2350
2925
5677
9039
8471
9041
4831
3200
1826
6835
4164
9858
9453
3734
2671
6252
2510
3854
4655
6737
3544
2535
2129
2443
5343
6414
7761
9728
8234
7752
9317
2031
7399
5609
8980
4904
4041
9465
5464
4861
3086
3580
1853
1950
9277
4439
7590
3559
3389
9808
4345
6945
4181
9862
9388
2742
2687
9656
8994
1248
7330
3840
8367
5544
4779
6525
5638
2739
6175
2597
7697
2164
2052
2290
6718
4956
5468
1851
2465
3404
6751
8887
8017
9049
2233
4578
6825
7463
6856
8346
9228
3713
6800
6828
9010
3236
9485
6750
4903
2407
2331
9572
4122
1468
1166
6733
3715
7844
7984
3538
2722
1329
9580
9983
3852
9267
5065
1806
9365
7793
8530
5182
8095
4487
9067
2538
7457
4995
1177
5184
7251
1893
5186
8721
8300
6095
8399
5955
6898
4226
7021
7580
6857
6671
9889
2739
1924
8514
3401
3616
5336
2036
7236
7052
1578
9751
9525
6382
8870
2994
7568
4252
6110
4776
3860
2598
6688
7098
3749
4514
2036
4305
5674
3062
3239
1146
9536
7999
9330
5391
8547
5916
4241
4084
9735
1922
9706
9417
7330
5844
1338
7623
9890
5655
5364
9793
1702
5184
3500
1810
9637
5986
2137
8965
7801
8564
9080
4850
3852
4829
8120
5389
9635
7558
1816
6768
6237
7334
5628
7828
9926
3310
6824
5667
3553
8521
6689
6001
1890
3764
4468
3630
8039
5423
2034
4436
5534
6630
6490
2776
6751
8651
1798
9940
9144
9726
6997
4506
9702
3542
4850
4551
7446
5070
4933
2266
2112
1814
6863
1803
6202
3274
8681
8233
2261
5894
5430
8396
9317
6171
2130
7110
1817
3769
3777
8868
6252
1073
2114
1781
4168
4884
2722
3597
3459
6300
2240
2903
8729
3257
4102
9512
3590
7169
3068
8551
5962
1559
4716
5425
3370
8000
9972
5390
4512
9375
4618
7833
3652
3397
2174
6991
8567
4906
6374
6237
9324
7466
4899
4436
6539
5009
9213
4061
6927
5939
6537
9306
4684
3136
7180
9365
1688
1057
4205
2115
6326
5779
1541
7236
4559
7568
9429
9391
9369
1997
8499
3794
2204
8407
8627
1631
7822
1681
5128
1654
7259
1762
7912
6766
9284
4513
5107
5591
5750
3078
5081
2424
2993
4608
4006
6528
5698
8994
9024
4068
1422
9429
7300
3939
9005
6565
5781
2610
7810
3299
5257
2077
8279
2085
5680
9132
3579
3827
2030
4534
6357
2358
1857
8612
8566
3437
8222
2459
3521
5657
7263
7745
5986
6828
6652
8063
2717
7496
8642
2698
1312
6496
5072
9841
3720
1063
9502
9622
9347
1248
9155
2460
7846
2122
4463
6416
9321
1544
8613
2703
2089
8358
6285
2474
7955
1405
2824
3809
4440
2939
1425
5163
5862
3601
3192
7315
4549
6400
5311
1275
9636
5695
2710
5737
4556
1153
4114
3850
6700
5362
5997
2939
1450
7442
3360
8521
7528
7781
4337
3830
6832
2209
5371
1735
2650
1625
7015
6628
2671
1519
8695
1540
4906
8496
5540
1920
1873
6562
4332
4292
1397
1440
7655
2126
4099
2646
6852
4738
3921
9969
4234
2148
3871
5614
7947
7034
9615
1974
5457
3110
9538
6904
8557
2581
8627
7516
9221
6583
1511
5634
4867
1073
9797
4789
4311
1203
8885
4166
3363
9408
9837
2808
2906
6205
3160
9925
1574
9038
3802
2005
2042
3390
8136
5336
9129
5428
2334
7764
6284
2770
3914
5466
9525
9973
2633
8612
7491
8260
4203
8698
4169
9023
9593
1726
5176
3480
6345
2469
1860
6115
7874
8812
8976
4761
7486
8944
4701
4754
2361
7634
4675
7184
9887
6095
2804
8039
4007
2360
9912
7894
3961
3221
9043
2879
8477
2149
3313
3561
4850
5615
6736
4571
1456
9130
3225
7648
6209
2917
7062
1352
4699
6242
2474
8992
9542
4956
7028
1853
3022
7936
7436
7675
6122
4024
1317
7655
2834
9426
7606
4432
3115
2333
6973
7340
5199
7510
8340
4259
2990
2781
6961
5059
8996
4719
6423
8789
5975
9838
8903
5149
9443
6093
3335
7993
4560
7598
9349
1727
9612
6305
7068
6339
6518
5425
7596
1807
5940
1866
6241
1549
1264
9771
9249
4147
5001
2884
6383
4239
2904
6621
1683
4765
6147
9714
1700
2168
8289
7069
1984
6242
7450
9755
6068
8517
2363
3127
6925
8998
5893
4085
1931
8218
4968
8909
6096
1631
1882
8358
6245
6222
8700
6402
5838
6530
4335
3724
3050
3567
1553
5014
1840
5722
8808
7201
7460
9126
1007
2798
1241
3914
8314
1190
4818
3725
9126
8869
3512
2646
5893
4525
4001
7439
6417
8835
7792
7880
1385
7669
1266
7426
3429
5473
6245
3296
5092
8504
6758
6064
8610
9865
5796
4384
7922
4719
9731
5660
2433
2501
4689
4214
5921
8698
4604
3197
2477
1813
7817
9976
2495
8592
4970
1743
8208
8312
1380
2963
5774
9360
1903
1475
2168
9387
2081
6210
4681
1580
1810
1728
3524
2869
8483
3143
7270
5325
4396
3087
3444
2767
4911
5250
6621
5137
1609
4474
6722
8065
9096
7363
6681
7802
5555
8594
5566
3301
7812
4887
5300
4670
9017
3348
3993
2048
6851
5469
1595
8227
7335
4115
8169
1991
1280
4710
8396
9873
1835
2827
9991
4779
2255
5146
2929
4302
4335
8661
4403
4652
6455
9855
2189
9184
5398
4483
9905
5100
3387
5526
1376
3601
2422
5970
8910
1858
8500
8483
8298
7539
8010
9356
6473
3119
3731
2073
8357
9020
6535
3422
1260
7341
3129
9155
5860
4609
3132
6209
8158
9022
7131
9598
6596
2902
8248
9244
9894
9150
6113
3123
1807
6023
7196
1658
7215
6156
5627
9070
4800
7634
7102
2592
3800
4824
8460
5357
6276
6560
6424
6591
8418
4873
6838
6839
6663
1283
7310
9541
7028
2598
4308
3295
2371
2248
9901
2967
4002
2621
4913
8828
9605
5420
6062
4189
2048
9134
5571
7142
2247
2729
3778
8623
2194
1076
9710
7728
2237
4858
7852
3267
7998
9173
5252
9141
7766
7902
8673
1674
7191
7648
2825
1238
1108
7097
2657
8175
6666
8746
1108
3985
8326
3206
9767
7245
5649
7013
1466
2006
9130
6687
7145
4850
6984
9722
4973
5183
2682
5463
9451
5095
8216
5943
2655
6129
6813
8655
2584
7459
7760
6050
3731
6207
4783
1059
8444
7411
7542
6737
2204
8671
9100
9005
3407
3292
5788
6707
3771
1678
3401
7081
3308
6928
8353
6348
8988
7654
5988
6671
4065
4414
9909
1225
3724
6617
5941
1246
5145
4502
3493
3234
4765
5623
4550
3859
1292
2404
6720
7100
8866
6336
4246
1382
4578
9278
7641
9041
3239
6295
4862
9771
8148
8876
2231
5028
5538
2621
8779
6760
9378
3701
9483
8768
3456
1874
4392
3515
8332
6670
8336
2389
2709
4027
8808
5109
6146
1284
5395
3147
9975
8655
7146
8699
8001
7407
1426
1888
7305
7200
2486
5019
4364
8228
2848
8740
9349
7047
1895
2075
6987
4637
4956
5670
5252
7761
3558
4500
3612
7623
4101
5750
2604
2074
9691
2092
7213
5132
2441
2252
8705
2823
4845
9592
8960
7253
5313
8511
4690
6462
4061
5376
4630
8569
3770
5454
5127
2821
6079
5755
6242
6391
1383
8422
2708
1790
1773
8532
3442
4509
7106
7955
6845
8971
9394
8943
7229
2051
3243
5863
3193
5789
5937
5159
7363
7347
2296
6965
6614
8475
7912
6402
5363
5241
8297
6366
3581
1629
6130
7418
5100
3931
9459
7000
2693
8332
8959
7143
9851
8076
1746
3527
4159
2060
8617
5525
5825
7155
7118
4590
3881
1208
5742
5840
5992
1580
7547
5256
9238
6972
3655
2639
1947
4623
6422
1170
1234
8235
5471
8318
1132
9482
9980
7254
5452
8455
7784
7524
4159
2489
9310
9698
6749
6952
5061
3061
3867
6727
2226
5461
6605
9695
6117
5185
8788
9462
1485
8067
8396
8821
6842
4616
8668
7605
5952
5976
6458
4624
5390
2664
9767
7815
9545
3751
3435
5391
3280
5906
3326
3623
8950
1318
6017
8836
6866
5441
3505
4123
5889
2862
4847
6952
1131
3074
5744
7733
1625
1870
1807
9764
3543
2196
7073
2888
8778
3404
1291
1421
5319
5188
3096
1991
8616
4007
9441
1403
8649
8682
8788
4211
5662
2426
7783
6457
2305
5888
4001
1772
4588
4836
6602
2909
4005
3983
3821
7709
6128
4156
9413
9101
7469
2373
1733
8523
9160
1734
9801
7509
7416
3967
3094
3752
6646
2508
9366
1221
7649
2936
5961
7393
4530
6948
5730
4261
8520
9886
4864
1785
7963
3555
2863
3998
5231
2982
5664
1594
9297
3327
7633
2730
3578
2474
8350
7016
9474
9906
4276
6728
3086
3998
3043
8569
2705
2776
7202
3568
5962
1352
5826
1692
7875
3774
2394
6790
4701
7272
2184
7558
9140
7615
9233
7982
6674
9049
3011
9142
3039
1978
2139
1923
1077
2338
1768
8967
2985
5609
7271
5945
4420
8918
6996
3215
4826
2922
1507
6026
1581
2183
6168
9215
6056
1562
6512
4762
9989
6691
5072
9515
6680
9207
4172
8592
4207
4312
6080
5150
4417
7931
1994
1139
3381
5839
7487
3792
7112
3440
7291
8468
3903
1739
8324
8094
4348
8664
3998
2077
6866
8076
5297
6403
8834
8031
1733
9011
4396
4402
5021
7632
9815
7276
7720
9077
8772
7687
3403
6887
5594
6146
3825
9084
3949
8783
8363
2931
2200
9345
8335
5999
1283
7589
7918
9876
4701
7173
8036
6020
1447
2533
1540
6525
7985
4872
4327
1483
8835
5559
9937
4649
2636
2313
6493
4199
2983
2321
9134
8064
1803
8451
1265
6179
2619
1539
5314
2380
3752
4897
7794
5174
7044
2625
6159
1991
9466
7267
5281
6328
6698
2813
4284
7085
4937
3042
3306
2743
2167
6350
8530
8297
2399
2154
3219
9019
1431
8395
8010
5291
9613
2668
9771
3645
6857
4559
9486
4356
9072
9772
6197
5886
6133
9399
3693
3390
7624
4596
8272
4857
5806
2009
3310
4228
5950
5817
9002
6968
8502
7718
7226
7154
6829
5476
5122
1370
8539
2200
8215
7160
9282
2024
8968
3166
3509
9411
8702
1846
8954
3367
7555
1020
8679
6347
5065
1718
3351
5727
3888
1941
1330
5092
3507
9285
3531
2481
4040
2406
3408
7233
6155
4704
7225
6304
2998
1223
6407
3579
8023
5527
3810
6973
7211
9423
5278
9838
8251
3894
8014
9088
4160
4853
3493
5016
4822
8200
9189
9798
2577
9592
5417
7243
8696
2266
3361
4516
9056
5827
3901
6296
5089
3966
5574
6623
2350
5186
2039
6062
7213
6077
6610
8878
2808
4002
8312
3622
1072
9923
7496
6202
9974
6965
9522
9491
8950
6801
7506
7822
2064
8628
4422
7311
8753
3346
7436
6425
2795
4486
2267
4628
5255
6580
6557
6083
4727
6554
4670
3051
7819
9284
9482
8902
4851
2026
8333
9115
9818
7319
8143
8029
6246
5792
8396
5217
5713
8763
8886
9606
8330
8217
2068
7962
8306
6066
8431
7673
7067
3899
7947
7375
8935
4470
8746
6386
5156
7494
7037
5781
7956
8224
9546
2528
2097
8692
9158
8758
8552
4986
8084
6727
6183
8114
8940
5768
7131
4524
4722
1340
9385
4775
6762
8692
5105
5890
8217
9306
3200
5163
3717
8341
8285
4513
5823
7900
8202
6878
7574
4305
8375
2892
4649
7971
1991
5635
9812
8695
4229
8474
4156
1835
9728
6136
8161
5372
5955
5117
5112
1147
9099
2728
5557
7823
4824
4843
5937
2130
9540
4742
6544
3232
2457
4494
2361
6497
6847
3305
5159
3903
2275
2628
4271
6875
2503
9052
8453
5120
7106
7457
6811
4841
9262
4206
8149
6617
9228
9744
7405
3794
5362
8615
9136
7242
8925
1890
2099
6425
3766
5239
8393
5496
5623
6702
9370
9854
4271
1158
1427
6511
4420
7311
1627
9303
5591
8210
6692
6396
7114
7554
2420
8599
3252
9776
9113
3638
3595
4829
4110
7522
7703
9777
3537
4244
8502
4684
3006
8297
5017
4630
8089
9870
3755
4550
1398
5712
9953
6238
3903
6446
8497
4651
3721
7676
2800
6891
1517
3233
8954
6622
5083
4139
9631
5546
8068
1460
1110
9050
3891
6661
8603
6375
8722
7383
5588
3249
4119
1916
4419
6424
1582
6479
2907
6597
3297
5090
3277
7400
8105
2609
6278
6284
5612
1568
9274
7959
7334
4010
8380
7211
2700
8922
8637
4485
2068
2023
8918
9215
4506
9541
6639
5962
8509
3264
4224
6572
5346
5480
6470
4625
7594
4474
3792
6513
2245
8953
5137
9468
2925
7232
2584
1632
7549
8049
5522
6230
5519
7844
6180
6266
7275
5182
1021
5579
2400
1930
6126
3077
6218
6133
1704
4322
7150
1211
1947
8400
1839
9816
7307
2977
4888
8985
3567
1587
7767
2697
5280
5602
3552
5212
9963
8295
2574
3529
3854
7682
9292
6390
7918
5935
5995
9385
9584
7823
1604
8389
7351
3018
4600
2868
3397
5895
4099
5931
7719
3089
5454
6876
9339
9812
7677
3310
8069
6051
5296
7323
8174
2255
9889
5279
7564
9290
1775
1297
3390
8507
5126
9044
6357
8995
3374
1084
7135
8128
6085
4674
5694
5220
9812
3389
4084
2866
5179
7066
4221
1097
9615
4313
9389
5954
8795
6082
6677
5690
4107
4799
8997
4000
1445
1474
2844
7545
4134
3903
7443
7354
9753
4992
4949
9150
7307
5389
1988
9863
5908
1034
7342
7002
9843
8228
5204
3947
8858
4607
2248
1829
6360
1605
5362
6855
6417
7178
3368
6430
1330
3506
1772
6840
7477
4571
2437
3707
9199
7821
3079
8620
3586
7351
4176
1843
6349
2080
2004
8114
5780
8225
4666
1643
2427
2892
3391
3123
3807
9702
4600
6386
8924
5861
4060
5385
5357
7706
6181
7593
7974
8693
4367
6363
5823
1704
3991
1729
5398
3203
7376
1024
8899
5721
2680
2335
7110
2435
6154
4741
3540
8468
9475
4769
2523
7585
7796
7342
2102
2145
1120
8932
4686
6297
4477
2762
1578
7611
6497
5214
7123
7426
9643
8860
2421
7866
8301
2013
1113
1078
1752
4984
5986
4354
8489
4170
5750
7321
7403
9216
6295
3398
2110
4251
7214
3941
7735
8343
3988
4669
5265
7471
2011
6011
7908
7218
1824
4740
8312
1544
3136
4505
8936
8647
3513
3549
3153
5425
7128
3834
5658
9775
7039
6642
9330
9924
6543
3377
2349
1564
6655
3216
7043
5122
9958
2608
8697
8783
4832
8753
8303
3395
7803
7746
5738
1486
1406
5418
3897
9823
1935
7979
2395
8382
8637
3166
4341
7750
1900
5901
4483
6629
4230
5094
2419
1882
9224
5854
4885
2991
8852
5943
6799
1094
8189
6473
1277
8156
2836
6602
4954
4745
8369
1447
1785
5136
1120
1658
6456
9133
1959
8051
9227
1186
7664
7842
6563
9702
8105
9456
6245
3152
3369
1882
1828
9669
1541
1345
4747
2599
8272
4273
8572
2313
3948
8236
4979
2529
8736
7271
5370
9416
8777
4173
3719
7405
7916
3170
8937
5759
3273
5419
7748
6332
1385
4146
4257
9327
3114
7943
3307
9433
9915
4421
2299
6110
2519
2032
2539
6598
2397
5988
7935
5730
7339
8556
5646
6100
7820
7465
1010
6130
8939
1332
9656
1039
2830
4866
5304
5334
5717
4310
3885
8069
2772
3296
8300
3184
8612
1737
4483
1144
9800
4190
9112
1396
3828
6218
4608
4462
4410
2101
3687
1407
9475
5946
6078
7095
2761
9803
5199
4717
2412
6974
7693
1552
9071
5685
1407
8456
7582
7346
8472
4693
2913
6756
2214
1870
4142
3209
1059
4558
3491
7544
9556
6114
1368
2012
5280
1071
8347
7877
9991
4141
3522
4826
4488
8367
2500
8243
3107
9925
7984
5305
9337
2520
4813
2375
8850
6526
2854
1869
3427
1832
6754
3166
9741
3988
7398
7886
3621
4930
2177
7643
8957
3031
6975
4194
3062
1770
5051
7054
3675
7291
6558
2355
5346
9817
3241
7954
9532
6080
1408
1682
2079
2748
5795
7316
8240
6974
7887
4502
7674
9491
4909
3322
2478
1875
7566
1335
6758
7039
6280
1446
6461
9217
2686
6866
9070
2875
6179
2662
7357
5817
9308
9625
8273
2080
6322
1321
1694
9034
4534
6351
7244
4074
5509
6460
8391
7604
5506
4479
5580
5424
4432
2685
2112
3107
5711
8760
2112
4748
7919
9547
7624
1667
4636
7555
1627
7825
9921
6332
2314
1022
7681
6183
5478
7074
2233
8615
5240
2187
7144
1976
6978
8283
9251
5879
8003
5675
4156
1459
3443
5907
3373
5548
2906
7642
8457
2500
1291
5060
6181
5751
9629
7577
4965
5810
7740
2896
4804
9847
8307
2629
3008
2202
6550
3516
2340
9869
8837
3756
4036
9544
3283
8215
8581
3755
3407
4611
4633
1033
9568
2469
3124
2962
2996
2447
3485
8944
7046
2450
2409
5001
8020
3388
1603
2611
7510
7688
4025
2698
8593
6826
9162
8038
9615
6990
2754
9282
9630
8082
8086
7539
1524
8834
1813
9376
5373
2464
3246
4476
8894
8438
1956
2155
5601
2118
8919
1086
3797
2455
9840
6644
4628
6484
7615
7106
1802
7678
6431
8357
8947
1922
8983
6378
8661
2192
3362
6103
7958
2458
8402
1131
3994
2166
8717
1632
7234
5760
9728
1593
2081
2462
7649
8140
3337
6789
1795
6932
2672
1450
9817
7725
7111
2038
2812
7121
7755
7661
2342
9261
4720
6845
7745
2135
4411
6186
9732
2687
7397
7771
3621
9307
1241
2785
9918
9210
9977
1468
5595
6079
9831
2913
4259
9913
2879
8274
9665
8015
1515
9226
5035
9775
8993
8894
2832
8256
4255
8943
1991
7305
1857
6603
1830
2070
2739
4950
9548
5382
2754
4993
8580
8693
4905
1530
2598
1181
4589
4662
2562
8260
4154
2186
6598
3686
9483
5957
1236
6518
7660
2667
5025
9091
8558
1272
8013
2270
5364
4721
7733
9328
3816
9880
1421
3444
2788
3550
2595
8665
4382
6834
5834
6648
8062
1882
1640
5091
4722
4270
3354
7780
2951
5279
7346
9069
9778
7930
7921
1640
2707
5110
3479
6305
5866
1464
4989
6898
5402
3530
8331
6568
3092
8808
7471
1521
8067
1739
6206
7761
7596
2914
4399
5813
5484
2917
1284
6455
4329
9280
2701
2719
3805
2224
6518
6601
7512
4770
4700
1775
3978
4736
2792
7631
9000
8757
5129
9348
8001
5241
2161
3685
5384
1265
1238
2396
9930
4578
1597
8299
5182
7656
1836
2188
8241
3168
8423
2086
2921
1570
4477
6899
2208
4551
3678
7255
5728
6618
1507
6437
9830
9222
4173
9444
9836
1819
8307
1704
6168
9868
9606
6141
3493
3332
4010
6235
1043
6964
1702
8989
3275
7697
2321
3428
4138
1350
9499
7013
5814
8138
8800
5278
9066
6715
4189
7135
7431
8864
7457
2279
7310
5419
1593
3089
3974
9226
4016
1948
2263
1727
8090
1145
2219
4439
6270
1889
8552
3001
5838
5349
5934
5985
2395
3678
6836
9713
9260
6198
8092
5503
9121
5016
5017
8695
5232
9339
8510
5111
4772
7331
3893
6035
7854
6157
2077
7284
5755
1821
5066
1070
1755
5961
9171
4421
3580
8634
4049
4138
8444
3119
5689
3889
7163
9088
8112
8875
8333
5230
2638
3579
9675
3112
6415
7164
7990
4259
2661
1739
4738
6406
9210
8039
7577
3241
9460
9505
6036
7657
7566
6694
3796
3756
1042
2518
8775
8274
6474
5535
7305
1009
3562
5170
2852
4724
9107
5736
7140
1423
1049
4462
3111
7788
8188
7060
7434
3367
7131
2088
9239
7120
9980
3323
9106
8675
9735
8189
7190
7071
1168
7156
8210
5927
7646
9922
6250
1311
6495
2894
4480
2981
8113
5909
5912
1521
9315
5653
6505
7547
6916
3767
2381
6562
9784
1919
6758
3028
4113
6796
7079
5722
5831
9126
7351
7597
6859
7776
6189
8631
5598
5470
9770
3206
3959
3670
5730
5325
2702
3673
5442
5778
1168
1034
8340
1237
3538
7108
7645
8089
5572
6844
2985
2409
4348
6222
4917
1435
7257
6137
8913
6573
8804
3287
7698
1260
1175
7847
9222
9392
5700
7570
2227
1135
8945
5883
2829
1926
5239
6360
6772
6805
9253
9585
5109
2958
6845
7750
2523
3888
4700
9889
3787
1426
9903
7493
7686
9609
8600
9329
5549
1636
1678
4356
5784
7991
2088
5261
1723
9392
9348
6862
6929
5053
6306
4421
3612
8418
1504
2488
5663
1586
3053
1449
1250
6392
3060
1945
6393
7840
4978
1687
5899
9478
4256
7113
1804
9271
8704
1173
8961
5406
7045
3856
3451
3304
5145
9308
4409
8988
8812
8825
9026
4885
2182
7782
3993
1902
1261
6932
2933
5450
8458
5925
9591
7292
9976
4207
2587
1132
1303
3184
1010
2518
1802
5214
1613
1196
2644
6739
9013
4649
7872
7830
4757
1830
4602
6141
2708
1197
7544
2717
6929
8002
1105
2402
7852
4049
3117
5050
3523
1018
5312
2687
2217
6357
4153
2134
1585
2079
8520
1035
9009
5814
7164
4427
5806
3564
2808
2174
7640
9927
7458
8859
8713
3800
6076
2607
4899
3479
6748
2122
6085
4323
7210
8018
6600
5613
6322
1551
7143
4657
2533
8567
3878
1104
3207
5415
2310
2370
8769
3894
6719
3363
5751
6188
6622
2981
2824
9076
2145
4668
9816
9628
9970
5033
2936
5366
9634
1919
3327
8953
4581
7189
7012
3565
4809
6274
2617
3024
7323
3867
3705
9124
6250
1671
6593
5453
2273
4637
2474
6092
8895
7318
7238
8528
8118
8619
8364
9231
6867
9520
4241
3545
2962
6127
2635
4826
7313
2878
7676
7641
8800
2279
7216
2912
8697
7870
9292
5651
9429
2592
6483
3579
1977
2583
8250
9164
2719
6799
5320
6038
7597
8004
4070
5512
6343
9487
7259
4188
5397
1768
8370
2381
4073
5720
9103
9606
9466
9769
8414
4288
6596
8923
1428
3471
8576
9581
9263
7587
8803
4830
4076
2235
3274
5949
2760
8866
7714
9040
7980
1669
3073
9506
3408
8276
1256
6438
8747
2017
2564
5878
8995
4837
2457
9509
4152
2628
3272
2679
7845
5654
4864
9026
7875
6236
3499
5458
3414
6457
7183
6286
7428
9693
5175
9088
3998
6448
4295
3792
5427
7878
2774
8969
2024
9128
3417
2739
4952
4854
1199
6155
4765
6869
9934
5403
1570
4365
6930
6670
1784
2972
9248
1680
4911
6987
9196
2207
2713
7975
1372
2853
7701
9096
5944
6342
4753
9180
5031
2556
1399
3459
5786
8673
9897
3819
4137
8688
9413
7015
3027
4605
2911
4569
4829
4206
7084
6679
7261
1235
5921
4210
2812
3990
2901
5489
1140
1755
5891
4479
4904
9040
1119
9474
1652
1171
1050
7416
2239
9401
2997
2862
3229
7649
1700
8014
7610
8283
5654
5998
2955
3755
2128
4974
8384
5833
5883
3552
3331
2552
9473
7232
2552
8100
7534
1550
4414
9877
2969
4336
4324
9182
8240
5954
5615
5386
2659
4514
5179
6711
9275
4341
3291
4364
7645
1182
1733
9200
6461
1861
7842
5699
9548
5963
2317
3284
9460
7988
5873
5432
8310
4125
9159
6209
7937
9697
5177
3920
5511
1728
7769
1302
7537
8072
7715
5642
1932
1533
6096
4577
3239
9567
6889
2333
7060
4378
6696
5536
8323
5690
1145
1540
3212
5226
9331
6965
2497
3901
7153
3537
9762
2751
9488
5074
8712
1940
7659
5352
3721
3331
3696
1590
7087
3839
7712
9608
7486
7174
1210
3442
9944
2809
7580
8409
9582
9746
3039
4407
5414
4818
5928
5141
7973
6002
5239
5966
5528
9969
1705
5928
1257
8007
7873
5441
4635
5381
6667
4177
5119
3011
9410
4781
8127
7708
8208
7095
2752
5954
7511
4233
2324
3723
1302
4608
8060
1435
6570
6592
7420
8058
9636
3796
1261
8904
2244
8348
6812
3859
8518
7584
7729
9178
5791
7675
1568
7947
5738
7778
5130
3782
4647
2517
8168
1462
9641
6931
3264
6608
4808
9587
1475
1383
5385
3138
7473
5869
9986
3243
1177
1235
2717
4054
7713
7524
4982
7916
6871
4252
1296
5442
2835
8449
9700
1080
8987
3931
6447
9367
4679
7463
4332
5059
6028
6744
5765
3211
5012
3691
9766
9964
7010
7548
3014
6601
6625
4311
1131
5693
5579
6968
1487
6004
8029
5501
9529
5038
3596
4519
6117
6432
8928
5207
8701
4950
6913
2420
9608
9549
6143
7594
7883
6370
5897
3553
7020
8684
3671
9544
3413
4704
4079
3343
8929
3222
9904
8489
3412
7268
4205
1239
9959
7983
4484
3231
1268
1000
7761
8165
9927
4479
4841
2977
9553
7951
8196
6733
8170
4081
7499
8347
5313
1021
8653
7223
2713
5274
6006
2630
4185
9743
7069
3781
9289
8696
9707
3203
2746
4818
3885
3207
5463
8757
2751
6288
5985
8774
5894
6422
8655
3501
7552
2970
1256
4278
3995
9314
3318
3735
7774
9491
6018
4596
4448
4741
5143
7143
8622
5248
2477
8599
4474
7751
6896
9655
3161
9924
5014
9263
6012
6389
9646
6825
4114
8891
7566
5901
1949
7649
9501
4197
1050
7061
1589
1632
2907
9834
8455
9532
4192
5977
5213
4185
6877
4140
3510
1627
1261
5122
7351
8234
7891
2673
7107
8938
4592
9253
2272
5821
1787
2432
5738
1369
4295
2092
8320
9176
4745
9326
2367
8789
9201
6376
8552
5630
9247
3276
8274
9442
8133
7777
3234
8094
5898
4237
8401
8715
5684
1472
7591
2008
4973
5161
2399
7349
7396
4749
5029
3078
2428
7159
2201
7965
8450
3689
8219
5526
5114
1360
6681
9276
8984
4884
4944
9760
6409
5979
2835
7258
6026
9838
6997
5583
4470
6308
7751
4253
4598
5826
2524
6335
4655
2032
3986
5021
6917
9178
7251
3608
8330
9865
7598
8066
6942
5318
1150
5519
3280
1454
6745
4434
9803
1406
6174
2118
9315
8003
3725
5305
4850
6087
1864
4672
3717
1277
7210
5091
4835
7705
1203
3562
1148
4492
9026
1894
7641
5529
7587
1856
2106
7637
3039
2397
2592
1178
5262
5214
7513
9304
4279
2532
9992
8974
5804
6142
4746
1138
7722
2637
2246
6845
1165
7138
3471
4469
9840
8571
6070
5602
5580
8442
1939
6026
9648
9968
6251
4952
9302
3245
6245
3250
6436
6185
4208
9564
6550
7190
3019
7270
1958
8044
3541
2622
9756
6907
3619
4635
2973
4978
4607
5192
4634
8710
2080
6747
5521
3169
3265
4850
8002
8152
3190
4273
5483
5694
5778
6214
3817
5006
1774
4713
7376
7874
9745
2440
2355
4049
3145
3993
5475
6931
2810
4908
1769
3515
1794
8559
8981
1936
4599
4411
5443
8169
3398
9580
8456
1108
9183
4688
3477
1917
4096
1062
6827
2510
4383
3750
4778
8333
2975
6007
1226
3012
2339
1957
2361
2632
9311
4327
9953
1538
7966
7312
7627
3782
5047
9058
6780
2603
4749
3819
2663
8201
7446
5651
6814
3672
2723
2622
5887
2661
7171
9027
5974
9912
6851
8091
5723
8486
3305
2719
8873
2902
5448
6919
4682
7807
3865
3763
8450
9207
1080
1891
6363
6470
5143
4044
1430
7970
3884
3979
7568
5275
2598
4054
6243
3669
5758
5626
2714
9609
2416
9750
4946
5462
2290
2704
8992
1257
5226
4375
9529
9174
7733
9474
9888
9791
1816
6798
7846
9816
6249
6709
7255
4676
5643
6448
3453
1179
1318
1500
2899
6594
3197
9973
9928
8890
9146
5422
4752
2963
4935
1264
3711
8491
1052
3984
1022
8228
3291
9280
8385
4297
7707
3665
4086
1600
4972
9185
4866
5932
1486
8858
7843
2994
7745
3678
9817
3864
1433
7229
9272
3145
5470
3786
1668
8826
7433
4144
2888
9040
1889
1331
1861
3943
1407
8287
3912
2067
6371
9514
4832
3760
7089
2377
9553
7964
1415
4233
4400
7071
4260
8176
6604
6265
1512
6329
6200
5968
6474
9743
7626
5133
6854
4335
2970
4851
5649
7013
7716
2951
6049
8240
4554
4676
4085
4498
4565
1256
1211
6837
1153
4982
9474
4920
6928
8691
4742
5813
1924
3520
8615
8917
3753
2754
4584
5239
7364
1146
9950
1294
1538
7030
1730
7307
9034
7418
4977
1816
7384
3250
3396
2752
6388
2857
9987
1315
5471
3747
8880
3841
2596
6200
2256
9476
4404
8790
5240
8295
1417
7589
1356
1466
3686
7116
5886
4065
5920
2907
6947
8521
2832
8859
6313
6842
3544
6106
8751
4720
9543
9057
3626
2217
6296
2257
4189
8537
4309
1983
2487
9232
3833
2490
3465
7004
3566
8837
8479
2767
8128
7400
2154
2245
8666
1384
3649
9474
6030
1726
1348
2401
2631
3521
9222
2109
1701
3922
2438
4975
9380
9107
6728
5461
6189
8353
4607
7708
3405
8541
8058
9405
9870
