4394
9442
2719
2782
5021
3617
8330
9581
9199
9204
3666
4341
2529
3539
1374
4773
3729
8195
2543
3076
7448
2535
5034
7188
7784
1240
9451
6409
3458
2734
4620
3991
6281
3761
7101
2899
2169
8564
1876
8270
7251
2411
4277
4611
3757
6194
3727
2157
9840
3090
1491
7178
6765
4413
7995
7720
1339
2245
6183
4848
4735
8619
9237
1148
5573
4480
5549
5644
9969
9799
8534
9118
1986
8755
4381
4900
9085
8038
4681
9853
8738
1484
2623
8744
1721
6471
1998
6475
3139
8900
4094
9514
8479
5464
6090
8712
9860
4397
2019
7365
